3534456755560783
3534456705217663
3534456704751174
3534456687972167
3534456185016147
3534456176212444
3534455493075847
3534455429822034
3534454666113754
3534454238985418
3534454234055856
3534454188643378
3534454176321928
3534454049757851
3534453701858869
3534453634472246
3534453391178448
3534453290777097
3534453235974798
3534452166842707
3534452087980660
3534451784602480
3534451705640517
3534451663957659
3534451658761135
3534451398963609
3534450418005201
3534450409001400
3534450078461617
3534449746239687
3534449587116276
3534449155532749
3534449147142446
3534449142478601
3534449046446863
3534448295411696
3534448241258051
3534447921804381
3534447892784778
3534447498705001
3534447108031297
3534447038018730
3534446898575791
3534446697433531
3534446676256266
3534446651565858
3534446646613959
3534446622199636
3534446596276896
3534446387273842


3534445824453262
3534445464252145
3534445380429442
3534444109079125
3534444101466093
3534443862062813
3534442855788436
3534442754451636
3534442158803901
3534442070715088
3534441928936645
3534441831901841
3534441668551124
3534441647576214
3534441614014727
3534441588322112
3534440350887427
3534440329914153
3534440163067765
3534439919752681
3534439369592385
3534439118454781
3534439072605013
3534438170202530
3534438049374061
3534437591708876
3534437209593580
3534437143138621
3534437050195768
3534436962447931
3534436580959173
3534436576805953
3534436564178612
3534436152829852
3534436123466926
3534435305970872
3534435305663139
3534435305507443

3534434663723529
3534434080663555
3534434047715833
3534434013842649
3534433296230172
3534432797535963
3534431950709628
3534431950391404
3534431916480017
3534431777758473
3534431657053561
3534431577025968
3534431559931236
3534431555736415
3534431538661000
3534431530879787
3534431333711273
3534431027790048
3534430579292723
3534430360219915
3534430272616378
3534429609673765
3534429500612968
3534429073083757
3534428984985995


3534428271822549
3534427956979578
3534427919189437
3534427789650325
3534426895992646
3534426556627008
3534426531455972
3534426400718875
3534426250648156
3534425729878231
3534425671153230
3534425537487571
3534425477895205
3534425243832233
3534425239103293
3534425206076751
3534424849421914
3534424282984268
3534424090444547
3534424027982575
3534423993956213
3534423993551676
3534423981033969
3534423935223506
3534423645686033
3534423343074801
3534422990723580
3534422970056024
3534422869591138


3534421950751837
3534421888534502
3534421824911513
3534421716194215
3534421531950402
3534421150194324
3534420709390684
3534420692848064
3534420206215680
3534420206031377
3534420197824569
3534420184748856
3534419916600102
3534419614585296
3534419531063327
3534418981502341
3534418981502261
3534418968607581
3534418939244862
3534418159301899
3534418025278875
3534417726941360
3534417706279597
3534417681279176
3534417677420196
3534417207231950
3534416838324007
3534416548859303
3534416439492406



3534416431727028
3534415932172137
3534415705966216
3534415173114982
3534414518595889
3534414400829927
3534414237237698
3534414150090457
3534414061377317
3534414048793253
3534413965504429
3534413957113774
3534413436374057
3534412979156724
3534412870866299
3534412660751214
3534412648490377
3534412605777345
3534412249229723
3534412014327903
3534411607444074
3534411431837679
3534411309621717
3534411158613763
3534411138498587
3534411062985664
3534410991145446
3534410630083511
3534410491659132
3534410365818743
3534410131237196
3534410106011598
3534409976705808
3534409355487201
3534409309886596
3534409171474006


3534457942533457
3534457514331634
3534457409463069
3534457380379250
3534456755560783
3534456705217663
3534456704751174
3534456687972167
3534456185016147
3534456176212444
3534455493075847
3534455429822034
3534454666113754
3534454238985418
3534454234055856
3534454188643378
3534454176321928
3534454049757851
3534453701858869
3534453634472246
3534453391178448
3534453290777097
3534453235974798
3534452166842707
3534452087980660
3534451784602480
3534451705640517
3534451663957659
3534451658761135
3534451398963609
3534450418005201
3534450409001400
3534450078461617
3534449746239687
3534449155532749
3534449147142446
3534449142478601
3534449046446863
3534448295411696
3534448241258051
3534447921804381
3534447892784778
3534447498705001
3534447108031297
3534447038018730
3534446898575791
3534446697433531
3534446676256266
3534446651565858
3534446646613959