3534416431727028
3534415932172137
3534415705966216
3534415173114982
3534414518595889
3534414400829927
3534414237237698
3534414150090457
3534414061377317
3534414048793253
3534413965504429
3534413957113774
3534413436374057
3534412979156724
3534412870866299
3534412660751214
3534412648490377
3534412605777345
3534412249229723
3534412014327903
3534411607444074
3534411431837679
3534411309621717
3534411158613763
3534411138498587
3534411062985664
3534410991145446
3534410630083511
3534410491659132
3534410365818743
3534410131237196
3534410106011598
3534409976705808
3534409355487201
3534409309886596
3534409171474006